
Overall Acc: 0.722222
F1: 0.452112
Precision: 0.473707
Recall: 0.461376
Sensitivity: 0.000000
Specificity: 0.000000
