
Overall Acc: 0.716418
F1: 0.529347
Precision: 0.794715
Recall: 0.519353
Sensitivity: 0.000000
Specificity: 0.000000
